    0.112000E-04   
    0.149000E-04   
    0.200000E-04   
    0.268000E-04   
    0.359000E-04   
    0.481000E-04   
    0.645000E-04   
    0.864000E-04   
    0.115740E-03   
    0.155050E-03   
    0.207710E-03   
    0.278260E-03   
    0.372760E-03   
    0.499360E-03   
    0.668960E-03   
    0.896150E-03   
    0.120050E-02   
    0.160820E-02   
    0.215440E-02   
    0.288610E-02   
    0.386640E-02   
    0.517950E-02   
    0.693860E-02   
    0.929510E-02   
    0.124520E-01   
    0.166810E-01   
    0.223460E-01   
    0.299360E-01   
    0.401030E-01   
    0.537230E-01   
    0.719690E-01   
    0.964110E-01   
    0.129150E+00   
    0.173020E+00   
    0.231780E+00   
    0.310500E+00   
    0.415960E+00   
    0.557230E+00   
    0.746480E+00   
    0.100000E+01   
